<svg width="268" height="70" viewBox="0 0 268 70" fill="none" xmlns="http://www.w3.org/2000/svg">
<path fill-rule="evenodd" clip-rule="evenodd" d="M37.4913 5.64232C37.7643 3.20288 36.0349 1.0001 33.5955 0.72703C31.156 0.435753 28.9532 2.18341 28.6802 4.62285C28.3525 7.40818 28.8076 10.7397 29.3902 14.1622C31.0104 14.6537 32.576 15.3637 34.0324 16.2011C35.598 12.5055 37.1272 8.84636 37.4913 5.64232ZM54.622 16.3467C53.6571 14.0893 51.0356 13.0699 48.7782 14.0347C45.8109 15.3273 42.7343 17.8577 39.6394 20.461C40.8045 21.6079 41.8968 22.9005 42.8253 24.3022C46.3388 23.8653 49.7067 23.3374 52.31 22.2087C54.5674 21.2074 55.605 18.5859 54.622 16.3467ZM47.1398 4.4408C45.1737 2.98442 42.3884 3.38493 40.932 5.35104C38.711 8.33663 37.2182 12.7968 35.598 17.1477C36.1441 17.5118 36.6539 17.8759 37.1454 18.2582C37.5095 18.5495 37.8918 18.859 38.2741 19.1685C41.9879 16.3649 45.8473 13.6342 48.0683 10.6486C49.5246 8.68252 49.1059 5.89719 47.1398 4.4408Z" fill="white"/>
<path d="M38.6924 40.0858C37.327 41.5604 35.8706 42.9257 34.3232 44.2547C32.1568 46.1298 29.9541 47.9502 27.7149 49.6979C25.3118 48.2233 23.5824 47.4769 23.2911 47.8592C23.0363 48.2051 24.0375 49.4794 25.8398 51.1361C19.7958 55.6327 13.4059 59.6013 6.54272 62.86C5.46864 63.3697 4.33994 63.7338 3.22945 64.1343C2.93817 64.2435 2.62869 64.2435 2.50126 64.2617C0.7536 64.462 0.225661 63.9886 0.29848 62.3866C0.516938 57.3985 2.06434 52.7199 3.66636 48.0595C4.10328 46.7851 4.5584 45.5108 5.03172 44.2365C7.45296 45.711 9.18241 46.4757 9.47369 46.0933C9.78317 45.6746 8.32679 43.9998 5.88735 41.9062C7.63501 37.3915 9.58292 32.9495 11.8767 28.6896C16.4643 32.0939 20.5422 34.3331 20.9973 33.7141C21.4524 33.0951 18.0846 29.8001 13.4423 26.3594L13.2421 26.2137C14.0431 24.8484 14.8805 23.483 15.7725 22.1541C16.883 20.4792 18.2484 18.95 19.5955 17.4572C21.3978 15.4729 23.728 14.7993 26.3313 15.3819C34.6691 17.2388 40.4582 22.0266 43.1889 30.237C43.7351 31.9118 43.2436 33.5503 42.3879 35.0613C41.8054 36.0807 41.1682 37.0456 40.4582 37.9558C36.0527 34.7336 32.2297 32.6582 31.7928 33.2408C31.374 33.8233 34.4142 36.8271 38.6924 40.0858Z" fill="white"/>
<path d="M92.3967 10.4026C86.6258 10.4026 82.8756 12.7146 80.6 17.1019H80.4726V14.3712C80.4726 12.4051 78.8705 10.8213 76.9044 10.8213C74.9383 10.8213 73.3545 12.4051 73.3545 14.3712V44.573C73.3545 46.5391 74.9383 48.1411 76.9044 48.1411H77.2503C79.2164 48.1411 80.8184 46.5391 80.8184 44.573V26.5866C80.8184 20.7065 84.1863 16.7925 89.8116 16.7925C95.273 16.7925 97.8945 19.9601 97.8945 25.6218V44.573C97.8945 46.5391 99.4784 48.1411 101.444 48.1411H101.79C103.756 48.1411 105.34 46.5391 105.34 44.573V24.22C105.34 15.6274 100.643 10.4026 92.3967 10.4026Z" fill="white"/>
<path d="M128.37 10.3298C117.938 10.3298 111.13 17.9394 111.13 29.6087C111.13 41.2962 117.866 48.5781 128.679 48.5781C135.379 48.5781 140.913 45.6107 143.407 40.9867C144.335 39.2936 143.061 37.2001 141.131 37.2001H139.238C138.291 37.2001 137.472 37.7462 136.981 38.5654C135.542 41.0413 132.52 42.5341 128.825 42.5341C122.708 42.5341 118.648 38.2742 118.648 31.8115V31.3746H142.497C143.917 31.3746 145.082 30.2095 145.082 28.7895V28.7531C145.082 17.4479 138.619 10.3298 128.37 10.3298ZM118.685 26.077C119.104 20.3425 122.981 16.4102 128.352 16.4102C133.777 16.4102 137.454 20.2696 137.618 26.077H118.685Z" fill="white"/>
<path d="M179.798 35.5981H177.814C176.74 35.5981 175.811 36.2716 175.411 37.2729C174.118 40.568 171.169 42.3338 166.982 42.3338C160.993 42.3338 156.951 37.5096 156.951 29.4813C156.951 21.635 160.938 16.6287 166.946 16.6287C171.278 16.6287 174.173 18.7769 175.356 21.8353C175.757 22.8547 176.685 23.5647 177.796 23.5647H179.78C181.509 23.5647 182.802 21.8717 182.238 20.2332C180.326 14.608 174.865 10.3298 166.873 10.3298C156.332 10.3298 149.378 17.8666 149.378 29.4813C149.378 41.2962 156.35 48.5781 166.946 48.5781C174.537 48.5781 180.18 44.8643 182.256 38.9842C182.838 37.3275 181.564 35.5981 179.798 35.5981Z" fill="white"/>
<path d="M202.153 42.2792C202.025 42.261 201.88 42.2428 201.752 42.2428C199.295 41.9515 198.148 40.4223 198.148 37.546V16.7015H202.353C203.992 16.7015 205.302 15.3726 205.302 13.7523C205.302 12.1321 203.992 10.8214 202.353 10.8214H198.148V6.14273C198.148 5.12326 197.729 4.19482 197.056 3.52124C196.382 2.84766 195.472 2.42896 194.434 2.42896C192.395 2.42896 190.739 4.10379 190.739 6.14273V10.8214H188.518C186.897 10.8214 185.568 12.1321 185.568 13.7523C185.568 15.3726 186.897 16.7015 188.518 16.7015H190.739V38.3106C190.739 45.5197 193.615 48.3778 201.079 48.3778C201.097 48.3778 201.115 48.3778 201.115 48.3778C201.971 48.3778 202.754 48.123 203.409 47.6678C203.427 47.6678 203.445 47.6496 203.445 47.6496C204.21 47.1035 204.72 46.2115 204.72 45.2102C204.72 43.7174 203.609 42.4613 202.153 42.2792Z" fill="white"/>
<path d="M226.366 10.3298C220.54 10.3298 215.734 12.6965 213.276 16.3556C212.876 16.9746 212.676 17.6482 212.676 18.3035C212.676 20.124 214.132 21.817 216.189 21.817C217.391 21.817 218.538 21.1799 219.102 20.124C220.303 17.8666 222.87 16.4831 226.165 16.4831C231.154 16.4831 233.993 18.8315 233.993 23.0914V23.5465C233.993 24.9119 232.938 26.0406 231.572 26.1134L223.926 26.5503C214.715 27.1328 209.672 30.9194 209.672 37.455C209.672 44.1179 214.824 48.5053 222.288 48.5053C227.367 48.5053 232.009 45.9748 234.066 41.9151H234.23V44.573C234.23 45.5561 234.631 46.4481 235.268 47.1035C235.923 47.7407 236.815 48.1412 237.798 48.1412C239.764 48.1412 241.348 46.5391 241.348 44.573V22.5452C241.348 15.1541 235.468 10.3298 226.366 10.3298ZM233.993 34.1235C233.993 39.0206 229.806 42.5705 224.272 42.5705C219.976 42.5705 217.19 40.5134 217.19 37.3093C217.19 34.0143 219.848 32.121 224.927 31.8115L233.993 31.1925V34.1235Z" fill="white"/>
<path d="M265.106 10.439C260.7 10.439 257.277 12.9512 256.094 17.1019H255.967V14.3712C255.967 12.4051 254.365 10.8213 252.417 10.8213C250.451 10.8213 248.849 12.4051 248.849 14.3712V44.4091C248.849 45.4286 249.267 46.3752 249.941 47.0488C250.615 47.7224 251.543 48.1411 252.581 48.1411C254.638 48.1411 256.313 46.4662 256.313 44.4091V25.8766C256.313 20.6154 259.407 17.2111 264.323 17.2111C264.523 17.2111 264.741 17.2111 264.942 17.2293C266.471 17.284 267.709 16.0278 267.709 14.4986V13.0605C267.709 11.6223 266.544 10.439 265.106 10.439Z" fill="white"/>
<path d="M204.721 45.2103C204.721 46.2116 204.211 47.1036 203.446 47.6497C203.446 47.6497 203.428 47.6679 203.41 47.6679C202.936 47.9956 202.372 48.1777 201.753 48.1777C200.097 48.1777 198.768 46.8487 198.768 45.2103C198.768 43.5719 200.097 42.2429 201.753 42.2429C201.881 42.2429 202.026 42.2611 202.154 42.2793C203.61 42.4614 204.721 43.7175 204.721 45.2103Z" fill="white"/>
<path d="M76.0193 65.4729C75.3473 65.4729 74.7407 65.3189 74.1993 65.0109C73.6673 64.7029 73.2427 64.2783 72.9253 63.7369C72.6173 63.1863 72.4633 62.5516 72.4633 61.8329C72.4633 61.1143 72.622 60.4843 72.9393 59.9429C73.2567 59.3923 73.6813 58.9629 74.2133 58.6549C74.7547 58.3469 75.3613 58.1929 76.0333 58.1929C76.696 58.1929 77.2933 58.3469 77.8253 58.6549C78.3667 58.9629 78.7913 59.3923 79.0993 59.9429C79.4167 60.4843 79.5753 61.1143 79.5753 61.8329C79.5753 62.5516 79.4167 63.1863 79.0993 63.7369C78.7913 64.2783 78.3667 64.7029 77.8253 65.0109C77.284 65.3189 76.682 65.4729 76.0193 65.4729ZM76.0193 63.9189C76.486 63.9189 76.892 63.7463 77.2373 63.4009C77.5827 63.0463 77.7553 62.5236 77.7553 61.8329C77.7553 61.1423 77.5827 60.6243 77.2373 60.2789C76.892 59.9243 76.4907 59.7469 76.0333 59.7469C75.5573 59.7469 75.1467 59.9243 74.8013 60.2789C74.4653 60.6243 74.2973 61.1423 74.2973 61.8329C74.2973 62.5236 74.4653 63.0463 74.8013 63.4009C75.1467 63.7463 75.5527 63.9189 76.0193 63.9189ZM86.6776 65.3049V58.3609H88.2596L88.3996 59.5369C88.6142 59.1263 88.9222 58.7996 89.3236 58.5569C89.7342 58.3143 90.2149 58.1929 90.7656 58.1929C91.6242 58.1929 92.2916 58.4636 92.7676 59.0049C93.2436 59.5463 93.4816 60.3396 93.4816 61.3849V65.3049H91.6896V61.5529C91.6896 60.9556 91.5682 60.4983 91.3256 60.1809C91.0829 59.8636 90.7049 59.7049 90.1916 59.7049C89.6876 59.7049 89.2722 59.8823 88.9456 60.2369C88.6282 60.5916 88.4696 61.0863 88.4696 61.7209V65.3049H86.6776ZM100.695 65.3049V55.2249H102.487V65.3049H100.695ZM110.784 57.2829C110.458 57.2829 110.187 57.1849 109.972 56.9889C109.767 56.7929 109.664 56.5456 109.664 56.2469C109.664 55.9483 109.767 55.7056 109.972 55.5189C110.187 55.3229 110.458 55.2249 110.784 55.2249C111.111 55.2249 111.377 55.3229 111.582 55.5189C111.797 55.7056 111.904 55.9483 111.904 56.2469C111.904 56.5456 111.797 56.7929 111.582 56.9889C111.377 57.1849 111.111 57.2829 110.784 57.2829ZM109.888 65.3049V58.3609H111.68V65.3049H109.888ZM119.051 65.3049V58.3609H120.633L120.773 59.5369C120.987 59.1263 121.295 58.7996 121.697 58.5569C122.107 58.3143 122.588 58.1929 123.139 58.1929C123.997 58.1929 124.665 58.4636 125.141 59.0049C125.617 59.5463 125.855 60.3396 125.855 61.3849V65.3049H124.063V61.5529C124.063 60.9556 123.941 60.4983 123.699 60.1809C123.456 59.8636 123.078 59.7049 122.565 59.7049C122.061 59.7049 121.645 59.8823 121.319 60.2369C121.001 60.5916 120.843 61.0863 120.843 61.7209V65.3049H119.051ZM136.442 65.4729C135.742 65.4729 135.122 65.3236 134.58 65.0249C134.039 64.7263 133.614 64.3063 133.306 63.7649C132.998 63.2236 132.844 62.5983 132.844 61.8889C132.844 61.1703 132.994 60.5309 133.292 59.9709C133.6 59.4109 134.02 58.9769 134.552 58.6689C135.094 58.3516 135.728 58.1929 136.456 58.1929C137.138 58.1929 137.74 58.3423 138.262 58.6409C138.785 58.9396 139.191 59.3503 139.48 59.8729C139.779 60.3863 139.928 60.9603 139.928 61.5949C139.928 61.6976 139.924 61.8049 139.914 61.9169C139.914 62.0289 139.91 62.1456 139.9 62.2669H134.622C134.66 62.8083 134.846 63.2329 135.182 63.5409C135.528 63.8489 135.943 64.0029 136.428 64.0029C136.792 64.0029 137.096 63.9236 137.338 63.7649C137.59 63.5969 137.777 63.3823 137.898 63.1209H139.718C139.588 63.5596 139.368 63.9609 139.06 64.3249C138.762 64.6796 138.388 64.9596 137.94 65.1649C137.502 65.3703 137.002 65.4729 136.442 65.4729ZM136.456 59.6489C136.018 59.6489 135.63 59.7749 135.294 60.0269C134.958 60.2696 134.744 60.6429 134.65 61.1469H138.108C138.08 60.6896 137.912 60.3256 137.604 60.0549C137.296 59.7843 136.914 59.6489 136.456 59.6489ZM158.711 63.2329C158.375 63.2329 158.063 63.1956 157.773 63.1209L157.255 63.6389C157.414 63.7229 157.629 63.7929 157.899 63.8489C158.17 63.9049 158.609 63.9609 159.215 64.0169C160.139 64.1009 160.811 64.3203 161.231 64.6749C161.651 65.0296 161.861 65.5196 161.861 66.1449C161.861 66.5556 161.749 66.9429 161.525 67.3069C161.301 67.6803 160.956 67.9789 160.489 68.2029C160.023 68.4363 159.425 68.5529 158.697 68.5529C157.708 68.5529 156.91 68.3663 156.303 67.9929C155.697 67.6289 155.393 67.0783 155.393 66.3409C155.393 65.7156 155.697 65.1743 156.303 64.7169C156.117 64.6329 155.953 64.5443 155.813 64.4509C155.683 64.3576 155.566 64.2596 155.463 64.1569V63.8349L156.681 62.5469C156.14 62.0709 155.869 61.4596 155.869 60.7129C155.869 60.2463 155.981 59.8216 156.205 59.4389C156.439 59.0563 156.765 58.7529 157.185 58.5289C157.605 58.3049 158.114 58.1929 158.711 58.1929C159.103 58.1929 159.467 58.2489 159.803 58.3609H162.435V59.4529L161.245 59.5369C161.432 59.8916 161.525 60.2836 161.525 60.7129C161.525 61.1796 161.413 61.6043 161.189 61.9869C160.965 62.3696 160.639 62.6729 160.209 62.8969C159.789 63.1209 159.29 63.2329 158.711 63.2329ZM158.711 61.8609C159.075 61.8609 159.374 61.7629 159.607 61.5669C159.85 61.3709 159.971 61.0909 159.971 60.7269C159.971 60.3629 159.85 60.0829 159.607 59.8869C159.374 59.6909 159.075 59.5929 158.711 59.5929C158.329 59.5929 158.021 59.6909 157.787 59.8869C157.554 60.0829 157.437 60.3629 157.437 60.7269C157.437 61.0909 157.554 61.3709 157.787 61.5669C158.021 61.7629 158.329 61.8609 158.711 61.8609ZM157.031 66.1589C157.031 66.5043 157.19 66.7609 157.507 66.9289C157.834 67.1063 158.231 67.1949 158.697 67.1949C159.145 67.1949 159.509 67.1016 159.789 66.9149C160.069 66.7376 160.209 66.4949 160.209 66.1869C160.209 65.9349 160.116 65.7249 159.929 65.5569C159.752 65.3889 159.393 65.2863 158.851 65.2489C158.469 65.2209 158.114 65.1789 157.787 65.1229C157.517 65.2723 157.321 65.4356 157.199 65.6129C157.087 65.7903 157.031 65.9723 157.031 66.1589ZM169.242 65.3049V58.3609H170.838L171.006 59.6629C171.258 59.2149 171.599 58.8603 172.028 58.5989C172.467 58.3283 172.98 58.1929 173.568 58.1929V60.0829H173.064C172.672 60.0829 172.322 60.1436 172.014 60.2649C171.706 60.3863 171.463 60.5963 171.286 60.8949C171.118 61.1936 171.034 61.6089 171.034 62.1409V65.3049H169.242ZM183.502 65.4729C182.83 65.4729 182.223 65.3189 181.682 65.0109C181.15 64.7029 180.725 64.2783 180.408 63.7369C180.1 63.1863 179.946 62.5516 179.946 61.8329C179.946 61.1143 180.104 60.4843 180.422 59.9429C180.739 59.3923 181.164 58.9629 181.696 58.6549C182.237 58.3469 182.844 58.1929 183.516 58.1929C184.178 58.1929 184.776 58.3469 185.308 58.6549C185.849 58.9629 186.274 59.3923 186.582 59.9429C186.899 60.4843 187.058 61.1143 187.058 61.8329C187.058 62.5516 186.899 63.1863 186.582 63.7369C186.274 64.2783 185.849 64.7029 185.308 65.0109C184.766 65.3189 184.164 65.4729 183.502 65.4729ZM183.502 63.9189C183.968 63.9189 184.374 63.7463 184.72 63.4009C185.065 63.0463 185.238 62.5236 185.238 61.8329C185.238 61.1423 185.065 60.6243 184.72 60.2789C184.374 59.9243 183.973 59.7469 183.516 59.7469C183.04 59.7469 182.629 59.9243 182.284 60.2789C181.948 60.6243 181.78 61.1423 181.78 61.8329C181.78 62.5236 181.948 63.0463 182.284 63.4009C182.629 63.7463 183.035 63.9189 183.502 63.9189ZM197.562 65.4729C196.853 65.4729 196.227 65.3189 195.686 65.0109C195.145 64.7029 194.715 64.2736 194.398 63.7229C194.09 63.1723 193.936 62.5423 193.936 61.8329C193.936 61.1236 194.09 60.4936 194.398 59.9429C194.715 59.3923 195.145 58.9629 195.686 58.6549C196.227 58.3469 196.853 58.1929 197.562 58.1929C198.449 58.1929 199.195 58.4263 199.802 58.8929C200.409 59.3503 200.796 59.9849 200.964 60.7969H199.074C198.981 60.4609 198.794 60.1996 198.514 60.0129C198.243 59.8169 197.921 59.7189 197.548 59.7189C197.053 59.7189 196.633 59.9056 196.288 60.2789C195.943 60.6523 195.77 61.1703 195.77 61.8329C195.77 62.4956 195.943 63.0136 196.288 63.3869C196.633 63.7603 197.053 63.9469 197.548 63.9469C197.921 63.9469 198.243 63.8536 198.514 63.6669C198.794 63.4803 198.981 63.2143 199.074 62.8689H200.964C200.796 63.6529 200.409 64.2829 199.802 64.7589C199.195 65.2349 198.449 65.4729 197.562 65.4729ZM211.429 65.4729C210.729 65.4729 210.108 65.3236 209.567 65.0249C209.025 64.7263 208.601 64.3063 208.293 63.7649C207.985 63.2236 207.831 62.5983 207.831 61.8889C207.831 61.1703 207.98 60.5309 208.279 59.9709C208.587 59.4109 209.007 58.9769 209.539 58.6689C210.08 58.3516 210.715 58.1929 211.443 58.1929C212.124 58.1929 212.726 58.3423 213.249 58.6409C213.771 58.9396 214.177 59.3503 214.467 59.8729C214.765 60.3863 214.915 60.9603 214.915 61.5949C214.915 61.6976 214.91 61.8049 214.901 61.9169C214.901 62.0289 214.896 62.1456 214.887 62.2669H209.609C209.646 62.8083 209.833 63.2329 210.169 63.5409C210.514 63.8489 210.929 64.0029 211.415 64.0029C211.779 64.0029 212.082 63.9236 212.325 63.7649C212.577 63.5969 212.763 63.3823 212.885 63.1209H214.705C214.574 63.5596 214.355 63.9609 214.047 64.3249C213.748 64.6796 213.375 64.9596 212.927 65.1649C212.488 65.3703 211.989 65.4729 211.429 65.4729ZM211.443 59.6489C211.004 59.6489 210.617 59.7749 210.281 60.0269C209.945 60.2696 209.73 60.6429 209.637 61.1469H213.095C213.067 60.6896 212.899 60.3256 212.591 60.0549C212.283 59.7843 211.9 59.6489 211.443 59.6489ZM221.922 65.3049V58.3609H223.518L223.686 59.6629C223.938 59.2149 224.278 58.8603 224.708 58.5989C225.146 58.3283 225.66 58.1929 226.248 58.1929V60.0829H225.744C225.352 60.0829 225.002 60.1436 224.694 60.2649C224.386 60.3863 224.143 60.5963 223.966 60.8949C223.798 61.1936 223.714 61.6089 223.714 62.1409V65.3049H221.922ZM233.939 57.2829C233.612 57.2829 233.341 57.1849 233.127 56.9889C232.921 56.7929 232.819 56.5456 232.819 56.2469C232.819 55.9483 232.921 55.7056 233.127 55.5189C233.341 55.3229 233.612 55.2249 233.939 55.2249C234.265 55.2249 234.531 55.3229 234.737 55.5189C234.951 55.7056 235.059 55.9483 235.059 56.2469C235.059 56.5456 234.951 56.7929 234.737 56.9889C234.531 57.1849 234.265 57.2829 233.939 57.2829ZM233.043 65.3049V58.3609H234.835V65.3049H233.043ZM245.579 65.4729C244.879 65.4729 244.258 65.3236 243.717 65.0249C243.176 64.7263 242.751 64.3063 242.443 63.7649C242.135 63.2236 241.981 62.5983 241.981 61.8889C241.981 61.1703 242.13 60.5309 242.429 59.9709C242.737 59.4109 243.157 58.9769 243.689 58.6689C244.23 58.3516 244.865 58.1929 245.593 58.1929C246.274 58.1929 246.876 58.3423 247.399 58.6409C247.922 58.9396 248.328 59.3503 248.617 59.8729C248.916 60.3863 249.065 60.9603 249.065 61.5949C249.065 61.6976 249.06 61.8049 249.051 61.9169C249.051 62.0289 249.046 62.1456 249.037 62.2669H243.759C243.796 62.8083 243.983 63.2329 244.319 63.5409C244.664 63.8489 245.08 64.0029 245.565 64.0029C245.929 64.0029 246.232 63.9236 246.475 63.7649C246.727 63.5969 246.914 63.3823 247.035 63.1209H248.855C248.724 63.5596 248.505 63.9609 248.197 64.3249C247.898 64.6796 247.525 64.9596 247.077 65.1649C246.638 65.3703 246.139 65.4729 245.579 65.4729ZM245.593 59.6489C245.154 59.6489 244.767 59.7749 244.431 60.0269C244.095 60.2696 243.88 60.6429 243.787 61.1469H247.245C247.217 60.6896 247.049 60.3256 246.741 60.0549C246.433 59.7843 246.05 59.6489 245.593 59.6489ZM259.043 65.3049C258.315 65.3049 257.732 65.1276 257.293 64.7729C256.854 64.4183 256.635 63.7883 256.635 62.8829V59.8589H255.445V58.3609H256.635L256.845 56.4989H258.427V58.3609H260.303V59.8589H258.427V62.8969C258.427 63.2329 258.497 63.4663 258.637 63.5969C258.786 63.7183 259.038 63.7789 259.393 63.7789H260.261V65.3049H259.043Z" fill="white"/>
</svg>
